1998,21374
25370,3353
16449,25571
28931,17532
4102,15109
19056,4060
21240,12538
4193,23349
30005,16233
11205,5159
6239,31544
1051,16400
14134,18038
9157,7090
10832,18855
15907,11477
261,6586
20630,28055
24203,19674
2546,6367
25294,15517
26833,29313
14007,4771
19155,20060
12541,12082
14184,5258
2932,14519
2085,20903
25729,28508
7413,467
14587,10389
11039,3542
6523,20375
24102,26775
26793,27066
7639,1067
11917,21578
6277,741
9394,24609
19468,3904
27972,22663
14806,18522
13376,13612
6647,13380
5083,30507
15086,20318
15447,30841
6676,14648
4733,23094
6160,13966
21366,12700
7871,5395
2576,7505
9214,1350
9737,23663
5205,14064
23488,24637
11651,6737
28108,28343
18140,32202
7784,12555
9751,25998
12713,23293
416,27581
5062,20917
13019,15424
16822,23877
15352,27646
17891,27033
22477,6268
24744,5430
5815,8228
16007,11800
31202,24285
4497,26338
1398,30905
30155,15534
8563,456
18484,5493
6652,32766
13954,23671
15529,24963
16557,8906
7609,7037
20261,8139
23725,19744
6041,32335
23848,4091
23527,21324
29126,31940
14139,25749
9847,15169
23555,23361
21558,9697
931,29220
18918,2349
14884,12477
10549,2026
5348,20212
12524,28224
1441,8338
31526,32432
1170,22257
10656,13834
23869,20066
26512,29734
8600,15767
12370,15484
2576,1461
5016,13409
28420,8494
31565,14861
3137,20605
20992,4330
25830,11746
13531,7386
11945,6902
24536,25945
29102,18313
9525,22517
28004,22651
19671,26379
10139,5936
1940,8006
2176,1118
27967,13917
10344,7755
26329,18306
23883,27661
23261,6733
17391,9211
157,18940
23080,2690
9556,13879
29489,16225
14039,22170
28733,15460
11578,31874
14844,28347
25488,10860
19871,27168
14002,931
29168,4722
5676,16928
4976,22338
6503,12904
31724,15777
25953,1025
27533,21493
7279,16567
14362,24962
11936,9775
31730,22598
28391,23639
26203,29872
22520,12048
1449,16321
19309,7259
24603,28199
3993,13477
23823,6620
4912,24870
22595,4964
20888,6032
21493,20301
30388,5783
29574,19679
7746,20391
30608,24238
11096,25310
4500,15269
9663,29676
7622,10526
2080,18694
3531,25904
15864,17880
10256,20964
28631,18759
4717,31403
28472,20912
20356,9329
93,25024
12808,32058
21743,3502
15923,7209
4328,14303
3803,18767
1861,22895
25543,9710
20403,20482
2341,1844
7094,15158
3433,3729
10492,30041
6024,29383
15253,11167
8924,2113
5704,28207
4517,11521
28003,14252
24342,22717
25470,22264
10758,31140
16048,5156
24657,18118
24842,11813
28650,11707
8263,26305
29792,19298
17701,586
22510,21623
4180,15463
24883,15561
250,26596
1409,10699
22525,28890
17799,26077
18226,26802
13975,25190
7423,26355
20618,25748
22009,13120
22959,16644
22431,25041
10860,20288
31280,11458
11847,22990
708,6507
13217,1690
26414,19751
2424,21516
28774,3099
5114,25887
31224,30497
5568,30930
12449,3781
25493,31567
25483,5518
16367,1335
12825,12953
30238,14766
12046,13723
32580,7654
25092,18761
6878,7681
21670,14879
17913,26878
18040,32112
31899,4799
8079,13923
23108,30238
24673,15967
19366,30294
4074,21909
1395,19648
11010,17112
